10
10006
10007
10012
10013
10014
10016
10017
10020
10024
10027
10042
10045
10046
10053
10054
10055
10057
10058
10059
10061
10062
10064
10065
10066
10067
10068
10069
10075
10110
10111
10125
10155
10156
10161
10173
10189
10192
10194
10195
10196
10197
10198
10199
10200
10201
10202
10203
10204
10205
10206
10207
10208
10209
10233
10241
10242
10243
10244
10248
10249
10250
10268
10270
10273
10276
10277
10278
10280
10281
10283
10284
10286
10287
10289
10290
10291
10292
10295
10304
10305
10306
10307
10308
10309
10310
10311
10312
10313
10314
10315
10316
10326
10332
10337
10344
10346
10347
10348
10353
10355
10356
10358
10363
10368
10369
10370
10375
10377
10379
10380
10381
10383
10385
10397
10411
10412
10413
10423
10425
10429
10441
10444
10462
10463
10470
10471
10472
10473
10474
10475
10476
10477
10480
10481
10482
10483
10484
10485
10486
10487
10488
10489
10490
10491
10492
10493
10495
10513
10515
10516
10520
10532
10534
10537
10538
10543
10547
10549
10561
10562
10567
10601
10608
10609
10613
10614
10615
10618
10619
10621
10623
10624
10625
10638
10644
10647
10663
10665
10666
10670
10699
10722
10725
10737
10741
10742
10743
10744
10745
10746
10747
10748
10749
10750
10751
10752
10753
10755
10758
10763
10766
10769
10771
10772
10773
10774
10775
10776
10777
10778
10779
10780
10781
10782
10783
10793
10795
10799
10801
10802
10803
10804
10805
10806
10807
10808
10809
10810
10811
10812
10817
10818
10819
10820
10821
10822
10823
10824
10825
10833
10835
10837
10848
10849
10851
10855
10857
10858
10859
10861
10869
10871
10872
10873
10874
10877
10879
10880
10881
10882
10883
10884
10888
10892
10893
10894
10897
10907
10908
10912
10917
10920
10926
10944
10953
10954
10955
10956
10957
10958
10959
10960
10961
10962
10963
10968
10969
10970
10973
10974
10975
10985
10988
1099
11
11010
11011
11012
11034
11037
11051
11057
1106
11060
11061
11072
11091
11092
11104
11108
11109
11110
11111
11112
11113
11114
11122
11126
11127
11128
11129
11130
11131
11133
11134
11136
11137
11138
11140
11142
11143
11144
11147
11150
11157
11160
11161
11162
11165
11166
11167
11168
11175
11178
11181
11184
11189
11190
11191
11192
11193
11194
11195
11196
11200
11201
11202
11203
11204
11207
11210
11220
11223
11228
11230
11231
11232
11234
11235
11236
11237
11238
11239
11240
11241
11242
11246
11247
11248
11249
11250
11251
11252
11261
11263
11275
11280
11287
11288
11289
11295
11296
11298
113
11302
11304
11305
11306
11321
11323
11324
11327
11328
11329
11330
11331
11332
11333
11334
11335
11336
11337
11338
11339
11340
11341
11351
11354
11355
11365
11366
11367
11368
11369
11370
11374
11375
11376
11377
11378
11379
11382
11383
11384
11393
11398
11400
11401
11404
11405
11406
11407
11408
11409
11418
11420
11436
11437
11438
11439
11440
11441
11442
11449
11457
1146
11460
11468
11473
11478
11479
11490
11494
11495
11502
11518
11521
11527
11528
11530
11532
11541
11546
11547
11548
11550
11556
11562
11565
11583
11584
11586
11587
11590
11591
11592
11594
11595
11598
11604
11628
11629
11667
11676
11687
11692
11697
117
11703
11705
11717
11720
11721
11722
11723
11727
1173
11738
11741
11746
11753
11767
11772
11773
11781
118
11803
11807
11811
11815
11817
11826
11827
11830
11832
11843
11845
11855
11865
119
11916
11922
11931
11939
11949
11959
11976
11982
11983
12
120
12001
12002
12014
12017
12028
12029
1204
12070
12077
12082
12086
12088
121
12106
12108
12147
12153
12166
12167
12177
12179
12180
122
12206
12207
12208
12211
12240
12285
12292
12297
12305
12313
12319
12352
12354
12355
12359
12360
12361
12362
12365
12368
12377
12383
12390
12399
12401
12409
12424
12426
12440
12442
12446
12449
12453
12459
12461
12465
12467
12472
12478
12489
12499
125
12505
12515
1252
12522
12530
12543
12544
12550
12553
12555
12556
12559
12561
12563
12565
12566
12570
12580
12590
12593
12596
126
12602
12606
12611
12618
12620
12624
12625
12626
12634
12635
12637
12638
12641
12642
12643
12644
12645
12647
12648
12649
12654
12655
12659
12661
12664
12667
12669
12670
12679
12681
12683
12684
12685
12686
12689
12690
12691
12694
12696
12697
12699
127
12700
12701
12702
12704
12705
12716
12717
12718
12719
12722
12723
12724
12726
12727
12732
12749
12752
12759
12761
12764
12787
1279
12792
12803
12808
12812
12827
12836
12837
12838
12840
12841
12854
12873
12879
12892
12899
129
12906
12918
12923
12924
12925
12927
12934
12935
12937
12951
12957
12958
12959
12960
12961
12962
12965
12966
12967
12968
12985
12986
13
130
13009
13010
13011
13020
13029
13033
13037
13040
13041
13044
13045
13047
13048
13049
13050
13051
13059
13062
1307
1308
13080
13094
1310
13111
13121
13135
13136
13137
1314
13141
13142
13148
13172
13173
13174
13175
13176
13197
13200
13203
13207
13209
13210
13215
13224
13233
13247
13272
13282
13292
13293
13294
13298
13300
13306
13308
13312
13313
13314
13317
13319
13320
13323
13333
13338
13340
13347
13348
13353
13360
13364
13373
13375
13405
13420
13421
13422
13423
13437
1344
13456
13463
13466
13467
1347
13471
13472
13475
1348
13481
13498
1350
13503
13504
13505
1351
13511
13516
13517
1352
13523
13524
13525
13526
13527
1353
13531
1354
1355
13553
13559
1356
13560
13564
13565
13566
1357
13576
13577
13578
13579
13581
13591
13606
13613
13635
13641
13653
13666
13672
13679
13682
13684
13690
13693
13694
13695
13706
13707
1371
13712
13713
13714
1372
13724
13726
13736
13738
13739
13762
13770
13771
13775
13777
13778
13780
13786
13788
13789
13799
13804
13805
13809
13812
13817
13818
13823
13825
13827
13828
1385
13853
13857
13868
13869
13870
13871
13872
13873
13874
13875
13882
13883
13884
13896
13903
13904
13905
13909
1391
13910
13911
13912
13913
13919
13925
13929
13930
13934
13935
13943
13944
13947
13955
13965
13966
13967
13968
13969
13970
13971
13972
13973
13974
13975
13976
13977
13978
13980
13981
13982
13983
13984
13985
13986
13987
13988
13989
13990
13991
13992
13993
13994
13995
13996
13997
13998
13999
14
14000
14001
14002
14004
14005
1401
14013
1402
14031
14041
14042
14046
14060
14069
14070
14076
14080
14082
14092
14095
14099
14104
14106
14107
14108
14109
14111
14112
14118
14119
14120
14121
14122
14123
14124
14125
14126
14127
14128
14129
14130
14131
14132
14133
14134
14135
14137
14139
14140
14141
14142
14143
14144
14145
14146
14147
14149
14151
14152
14153
14160
14162
14164
14165
14166
14171
14177
14179
14180
14181
14200
14202
14210
14211
14212
14214
14215
14216
14218
14219
14222
14229
14231
14234
14241
14246
14247
14248
14249
14252
14253
14254
14255
14256
14257
14258
14259
14260
14267
14274
14275
14282
14284
14288
14289
14293
14294
14295
14297
14298
14299
14300
14301
14302
14303
14304
14324
14326
14336
14342
14343
14344
14346
14347
14348
14349
14350
14351
14352
14353
14354
14363
14368
14374
14376
14377
14378
14379
14380
14381
14382
14383
14384
14394
14395
14396
14397
14409
14425
14426
14429
14433
14434
14435
14437
14438
14439
14440
14441
14442
14443
14444
14445
14447
14448
14449
14456
14457
14459
1446
14460
14463
14464
14465
14467
14479
14480
14481
14482
14483
14484
14485
14486
14488
14494
14497
14499
14517
1452
14521
14524
1453
14533
14534
14535
14536
14543
14544
14545
14546
14547
14548
14549
14550
14551
14552
14555
14556
14568
14569
14570
14571
1458
14581
14589
14600
14601
14602
14603
14604
14606
14608
14610
14612
14614
14615
14616
14622
14625
14636
14637
14660
14661
14671
14678
14679
1468
14681
14688
14690
14701
14702
14703
14709
14710
14712
14713
14714
14715
14716
14717
14722
14725
14731
14732
14734
14735
14737
14738
14739
14740
14746
14755
14759
14764
14765
14776
14779
14803
14804
14805
14806
14811
14812
14813
14817
14823
14824
14825
14827
14828
14829
14830
14831
14833
14834
14835
14836
14837
14838
14839
14840
14844
14845
14850
14851
14855
14857
14868
14869
14870
14871
14872
14873
14886
14888
14889
14890
14893
14894
14904
1491
14910
14911
14912
14913
14914
14915
14916
14920
14927
14928
14930
14940
14946
14958
14960
14963
14964
14965
14966
14967
14971
14978
14979
14981
14985
14986
14991
15
15002
15007
15013
15025
15026
15036
15037
15049
15051
15052
15053
15061
15064
15065
15068
15073
15075
15076
15077
15078
15079
15080
15082
15083
15084
15085
15086
15087
15088
15089
15090
15091
15092
15093
15095
15097
15098
15099
15100
15108
1511
15111
15112
15113
15114
15115
15116
15117
15118
15119
15120
15121
15122
15123
15124
15125
15128
15129
1513
15130
15133
15137
15139
15142
15143
15147
15148
15149
1515
15151
15152
15153
15164
15172
15177
15189
15190
15191
15193
152
15201
15202
15205
15216
15217
15218
15219
15222
15224
15225
15226
15229
15230
15242
15243
15248
15254
15256
15261
15273
15278
15280
15282
15283
15286
15287
15288
15296
15297
15298
15305
15306
15313
15314
15319
15329
1533
15335
15338
15339
15340
15341
15350
15360
15371
15380
15381
15382
15383
15385
15386
15387
15393
15403
15404
15405
15406
15407
15408
15409
15412
15415
15418
15426
15427
15428
15429
15430
15431
15432
15433
15434
15435
15436
15437
15438
15439
15441
15444
15445
15446
15447
15448
15455
15456
15467
15468
15469
15470
15471
15472
15473
15474
15475
15476
15478
15479
15480
15481
15482
15485
15488
15495
15496
155
15520
15534
15537
15542
15543
15555
15573
15574
15579
15591
15599
156
15616
15617
15618
15619
15620
15621
15622
15624
15625
15626
15627
15628
15629
15630
15631
15632
15643
15645
15648
15692
15714
15745
15750
15758
15759
15761
15765
15766
15767
15768
15769
15772
15773
15774
15775
15776
15777
15778
15779
15780
15782
15789
15790
15798
158
15800
15801
15802
15803
15804
15805
15807
15815
15823
15824
15826
15835
15839
15843
15850
15853
15858
15872
15874
15877
15878
15882
15888
1589
15890
15901
15910
15915
15922
15923
15924
15930
15931
15937
15940
15945
15946
15948
15949
15950
15951
15952
15953
15954
15955
15956
15957
15958
15959
15960
15961
15962
15963
15964
15965
15966
15967
15968
15969
15970
15974
15997
16
160
16027
16030
16033
16034
16035
16037
16038
16039
16040
16041
16042
16044
16045
16050
16051
16053
16062
16070
16072
16073
16078
16079
16084
16086
16088
16118
16131
16133
16134
16137
16138
16139
16140
16143
16150
16151
16153
16154
16158
16160
16162
16163
16164
16165
16173
16176
16177
16183
16189
16192
16195
16201
16218
16219
16228
16232
16233
16237
1624
16242
16244
16245
16249
16257
16263
16277
16278
16280
16283
16285
16290
16295
16296
16297
16303
16304
16305
16306
16307
16308
16309
16310
16322
16358
16363
16364
16365
16366
16367
16368
16370
16374
16382
16384
16385
16386
16387
16388
16389
16390
16396
16407
16409
16417
16418
16419
16422
16429
16431
16432
16435
16439
16448
16449
16450
16451
16453
16461
16464
16465
16466
16467
16468
16471
16472
16475
16476
16477
16478
16479
16480
16486
16487
16488
16489
16490
16493
16495
16496
16497
165
16501
16502
16503
16504
16505
16506
16507
16508
16509
16510
16514
16521
16522
16524
16526
16529
16530
16532
16533
16534
16535
16536
16537
16538
16539
16543
16544
16545
16546
16547
16548
16549
16550
16551
16552
16556
16568
16569
16570
16571
16572
16573
16574
16575
16579
16581
16592
16593
16594
16595
166
16608
16622
16623
16624
16625
16626
16656
16657
16659
16663
16664
16665
16667
16671
16672
16673
16674
16675
16685
16688
16692
16694
16696
167
16700
16703
16706
16710
16714
16727
16755
16759
16761
16762
16763
16765
16766
16771
16772
16775
16776
16815
16816
16824
16827
16832
16855
16856
16862
16864
16865
16866
16867
16868
16869
16871
16872
16873
16880
16894
16898
16899
16902
16903
16904
16905
16906
16907
16908
16914
16915
16919
16920
16921
16922
16923
16925
16926
16927
16928
16929
16930
16931
16938
16939
16940
16941
16944
16947
16948
16949
16953
16954
16956
16958
16959
16960
16962
16963
16964
16965
16974
16976
16988
17
170
17002
17004
17006
17008
17015
17018
17019
17022
17026
17027
17029
17038
17044
17065
17066
17071
17073
17074
17077
17083
17084
17085
17086
17087
17088
17089
17090
17091
17093
17094
17097
171
17102
17103
17105
17106
17111
17112
17113
17114
17115
17116
17118
17121
17122
17123
17125
17126
17127
17132
17136
17140
17151
17152
17155
17156
17157
17158
17159
17160
17161
17162
17163
17166
17167
17168
17175
17177
17178
17179
17180
17181
17189
17194
17195
17196
17197
17200
17201
17202
17205
17208
17209
17218
17220
17221
17223
17250
17256
17261
17267
17268
17270
17271
17272
17273
17280
17291
17293
17300
17301
17303
17318
17320
17321
17331
17340
17343
17344
17348
17349
17352
17355
17357
17372
17373
17375
17381
17399
17406
17420
17429
17430
17431
17439
17441
17447
17448
17449
17450
17451
17452
17455
17456
17457
17460
17461
17466
17467
17468
17469
17496
17497
17498
17499
17500
17518
17528
17533
17534
17535
17536
17537
17539
17540
17545
17546
17547
17579
17587
176
17611
17627
17632
17634
17636
17639
17642
17643
17645
17649
17650
17651
17652
17654
17655
17657
17658
17659
17661
17665
17676
17677
17679
17684
17686
17688
17689
17690
17691
17692
17693
17694
17695
17696
17697
17698
17699
17712
17715
17730
17731
17732
17737
17747
17749
17750
17751
17752
17753
17754
17755
17756
17757
17758
17764
17772
17780
17798
17800
17801
17803
17804
17805
17806
17807
17810
17811
17817
17826
17833
17837
17838
17839
17845
17853
17855
17857
17866
17870
17871
17873
17875
17876
17881
17882
17883
17885
17886
17899
1790
17900
17905
17906
17907
17908
17909
17912
17913
17914
17916
1792
17921
17923
17924
17925
17927
17928
17929
17931
17932
17933
17934
17935
17939
17940
17944
17948
17950
17951
17954
17956
17960
17963
17965
17968
17969
17970
17971
17972
17973
17974
17975
17976
17977
17980
17983
17984
17985
17986
17988
17989
17991
17992
18
18021
1803
183
184
185
1851
1863
1864
187
1877
188
1882
1885
189
1898
19
190
1901
191
193
194
195
196
197
198
199
20
200
201
202
203
204
205
2057
206
207
208
209
210
211
212
213
214
2143
215
216
217
218
219
220
221
222
223
2238
2239
224
225
226
227
228
229
230
232
2320
233
2338
234
235
236
237
2371
238
239
24
240
241
242
243
244
245
246
247
2472
248
2482
249
25
250
251
252
2528
2538
254
2546
2548
2549
255
2555
2557
256
2561
257
2574
26
2601
2603
2605
2606
2608
2647
2659
2660
2663
2664
269
27
2702
271
2735
2739
274
2743
2745
2746
2758
2761
2764
2769
2770
2771
2774
2775
2776
2777
2778
278
28
280
2806
281
282
283
2832
2876
2877
2890
29
2939
2951
2958
2967
2977
2980
3004
3026
3036
3037
3038
3041
3054
3059
3066
3091
3092
3132
314
3146
315
317
318
322
323
3267
329
3295
330
3371
3372
3375
3379
338
3380
3398
3400
3401
3402
3403
3404
3405
3406
3407
3408
3409
3420
3423
3425
344
3444
3454
3455
3468
3476
3479
3497
3499
3500
3501
3535
3537
3568
3569
3570
3572
3583
3628
3632
3633
3634
3635
3649
3653
3654
3672
3676
3685
3686
3687
3693
3699
3704
3705
3710
3715
3748
3780
3781
3782
3787
3839
3840
3859
386
3860
388
3883
3885
3892
3962
3977
3986
3993
3996
4
4000
4004
4007
4012
4022
4029
4047
4072
4086
4093
4146
417
4178
4184
4186
4188
4189
4192
4208
4235
4236
4237
4253
4260
4273
4288
4294
43
434
4374
4375
4376
4377
4378
4379
4381
4391
4405
4425
4460
4462
4474
4475
4479
4480
4481
45
4504
4505
4507
4548
4580
4584
4589
4590
4605
4606
4611
463
4636
4645
4646
466
4667
4669
4680
469
4694
4696
47
470
4738
474
4754
4758
4760
4771
4773
478
4788
479
4795
480
4808
481
482
483
4837
484
4846
4847
485
4856
4857
4859
486
4860
4861
4862
4863
487
4879
4880
4884
489
49
490
4902
4906
491
4912
4937
4947
4948
4983
4987
4994
4996
4997
5005
501
5012
502
5026
5028
503
5036
505
5054
506
507
509
510
5102
5105
511
5110
5125
5130
5131
5137
5138
514
5146
515
5150
5156
516
517
5180
5181
5183
5185
519
520
521
522
523
5238
5245
526
5267
5268
528
529
5306
5307
5308
5320
5344
5345
5346
5363
5387
5390
5391
5392
5393
5394
5395
5400
5411
5412
5426
5440
5441
545
5457
5458
5459
5460
5477
5478
548
5495
5499
55
5506
5527
5528
553
5533
5545
5554
5572
5590
56
5601
5605
561
5618
5623
5648
5649
568
5684
5685
5690
5691
5692
5693
5697
5699
57
5702
5703
5709
5710
5712
5713
5714
5715
5716
5717
5719
5722
5724
5725
5728
5731
5751
5752
5757
5759
5760
5761
5763
5766
5772
5779
5781
5785
5796
5798
58
5802
5807
5812
5815
5821
5822
5823
5830
584
5847
5852
5860
5876
5878
5893
59
5906
5911
5912
5913
592
5932
5939
5940
5941
5942
5943
5946
5948
595
5955
596
5966
5967
5971
5976
598
5982
599
5990
6
60
600
6000
6001
6004
6006
6009
601
6015
602
6020
603
6036
605
6054
6056
606
6067
607
6070
6079
6081
6084
609
6091
6093
61
6100
6118
6119
6122
6124
613
6138
614
6140
6154
6155
6156
6157
6158
6159
6160
6161
6162
6167
6172
6175
6180
6185
6195
6202
6203
6205
6206
6207
6211
6215
6216
6219
6220
6221
6222
6223
6228
6229
6230
6231
6232
6233
6234
6235
624
6242
6243
6244
6245
6246
6247
6248
6250
6260
6263
6264
6265
6267
6268
627
6282
629
6293
63
631
6314
6315
632
6323
6325
6326
633
6337
6345
635
6350
6355
6361
6367
6369
637
6371
6372
6373
638
6380
6381
6382
6383
6384
6385
6386
6387
6388
6389
639
6398
6401
6407
641
6413
6414
6416
6417
6418
6419
642
6420
6430
6431
6432
6434
644
6448
645
6455
6458
6459
6460
6464
6467
6472
6478
6479
648
6481
6482
6483
6487
6489
6492
6494
6499
65
650
6512
6514
6515
6516
6517
6519
652
6521
6522
6523
6524
6525
6526
6528
6529
6530
6531
6532
6533
6534
6535
6536
6537
6538
6539
6543
6546
6547
6553
6558
6560
6565
6566
6569
657
6570
6575
6584
6587
6592
6596
6597
6598
6599
6609
6610
6612
6614
6617
6631
6634
6636
6638
6641
6642
6643
6644
6646
665
6651
6666
6676
6679
6680
6681
6682
6683
6693
6696
67
670
6702
671
6718
6738
6739
674
6742
6743
6747
675
6750
6752
6756
6757
676
6772
6773
679
6794
68
6807
6808
6809
681
6810
6811
6812
6816
6819
682
6822
6825
6826
6828
6829
683
6830
6837
6848
6849
6850
6852
6857
687
6884
6890
6891
6892
6893
6897
6898
6899
69
690
6903
6904
6905
6906
6907
6908
6909
6910
6914
6916
6919
692
6930
6931
6932
6933
6934
6935
6936
6937
6938
694
6944
6945
6948
6951
6952
6953
6954
6957
6958
6959
6963
6964
6966
697
6970
6971
6972
6973
6974
6975
6976
6977
6978
6979
6980
6985
6986
6987
6988
6989
6990
6993
6996
6997
6998
6999
7
70
7005
7006
7007
7008
7009
7010
7011
7012
7016
7018
7020
7021
7022
7023
7025
7027
7028
7029
7031
704
7042
7043
7044
7045
7046
7050
7058
706
7064
7066
7068
707
7077
708
7085
7086
7087
7088
7089
709
7090
7091
7092
7094
7095
7096
7098
7099
71
710
7101
7103
7108
711
7112
7114
7116
7117
7118
7119
712
7120
7121
7129
713
7130
7131
7134
714
7141
7142
7143
7144
7145
7146
7147
7148
7152
7162
7171
7176
7180
7181
7184
72
7200
7202
7203
7208
7211
7239
7246
7256
7263
7269
727
7274
7282
7289
7290
7291
7292
7298
73
7301
7309
7310
7319
7320
7323
7328
7330
7331
7336
7338
7367
7374
7380
7383
7384
7393
74
7413
7414
7415
7416
7417
7418
7419
7420
7421
7423
7424
7425
7426
7427
7428
7429
7435
7439
744
7440
7441
7442
7443
7444
7445
7446
7447
7448
7449
7450
7451
7452
7453
7454
7455
7456
7472
7474
7475
7476
7477
7479
7480
7481
7482
7484
7487
749
7490
7491
7492
7496
7497
7498
7499
75
7500
7501
7502
7503
7504
7505
7507
7508
7509
7510
7513
7518
7519
7522
7523
7524
7534
7535
7536
7537
7538
7539
754
7540
7541
7542
7543
7544
7545
7546
7547
755
7554
7557
7558
7559
7560
7561
7563
7564
7565
7566
7567
7568
7569
7571
7572
7573
7574
7575
7576
7577
7578
7579
7580
7581
7582
7583
7584
7585
7586
7587
7588
7589
7590
7591
7596
7597
7598
7599
7600
7601
7602
7604
7606
7608
7617
7619
7620
7622
7623
7624
7625
7626
7627
7628
7629
7630
7652
7653
7663
7664
7665
7666
7667
7668
7669
767
7670
7671
7672
7673
7674
7675
7676
7677
7678
7679
7680
7682
7683
7684
7685
7691
7698
7702
7707
7708
7709
7710
7711
7712
7713
7715
7716
7717
7718
7719
772
7720
7721
7722
7723
7724
773
7730
7737
7739
7740
7741
7744
7745
7746
7747
7748
7749
7750
7754
7769
7770
7774
7786
7789
7790
7791
7792
7793
7794
7795
7796
7801
7802
7803
7804
7805
7806
7807
781
7812
782
7827
7828
7829
7848
7849
7853
7854
7855
7856
7857
7858
7859
7860
7861
7862
7863
7864
7865
7866
7867
7868
7878
7879
7884
7890
7896
7897
7898
7899
7900
7901
7918
7925
7926
7928
7929
7932
7933
7937
7939
7943
7961
7966
7968
7969
7971
7972
7977
7978
7979
7980
7986
7987
7990
7992
7993
7994
7995
7996
7997
7998
8002
8037
8041
8061
8070
8077
8078
8090
8091
8092
8093
8094
8095
8096
8097
8098
81
8120
8121
8122
8124
8125
8129
8138
8139
8140
8141
8142
8143
8144
8145
8146
8147
8148
8152
8155
8156
8157
8158
8159
8160
8161
8162
8163
8164
8165
8170
8172
8175
8177
8180
8192
8201
8202
8203
8204
8205
8208
8209
8210
8211
8212
8213
8214
8215
8216
8217
8218
8219
8235
8250
8254
8266
8284
8341
8351
8352
8353
8354
8355
8356
8357
8358
8359
8360
8363
8367
8368
8369
8370
8371
8373
8374
8375
8376
8377
8378
8379
8380
8381
8382
8394
8396
8397
8398
84
8403
8407
8408
8409
8416
8418
842
8470
8472
8473
8474
8475
8476
8477
8479
8482
8485
8490
8491
8492
8493
8494
8495
8496
8498
8501
8504
8505
8506
8507
8508
8509
8510
8511
8518
8519
8520
8521
8522
8524
8525
8526
8527
8528
8529
8530
8531
8532
8533
8534
8535
8538
8541
8542
8543
8544
8545
8546
8547
8549
8550
8551
8560
8564
8567
8568
8571
8572
8574
8575
8576
8578
8579
8580
8581
8582
8583
8584
8585
8591
8607
8613
8614
8615
8616
8617
8618
8619
8620
8621
8623
8624
8630
8632
8633
8634
8635
8636
8637
8638
8639
8642
8644
8649
8652
8655
8656
8657
8658
8659
866
8660
8661
8665
8666
8667
8668
867
8679
8685
8686
8687
8695
8697
8698
8706
8708
8716
8717
8718
8720
8728
8731
8732
8735
8741
8744
8745
8749
875
8750
8757
8760
8761
8762
8763
8764
8773
8774
8775
8776
8777
8778
8779
8780
8786
8787
8808
8816
8817
8820
8822
884
8842
885
8856
8857
8858
8862
8863
8864
8865
8866
8867
8874
8876
8887
8918
8923
8924
8928
8929
8930
8935
8954
8955
896
8968
8969
8971
8973
8974
8979
8987
8988
8989
8990
8992
8998
9
9000
9002
9007
9008
9009
9010
9012
9013
9014
9015
9016
9017
9018
9019
9020
9021
9022
9023
9024
9025
9026
9030
9031
9032
9033
9034
9037
9038
9039
9040
9041
9042
9043
9044
9046
9050
9053
9055
9062
9094
9097
9105
9107
9111
9113
9125
9129
9133
9152
9153
9154
9155
9156
9166
9167
9191
9234
9238
9239
9240
9244
9245
9246
9252
9253
9254
9259
9265
9266
9267
9268
9269
9273
9274
9275
9278
9279
9293
9300
9301
9302
9305
9307
9308
9309
9311
9314
9322
9329
9335
9336
9343
9348
9353
9360
9364
9367
9368
9369
9371
9373
9374
9379
9380
9381
9399
9401
9402
9403
9404
9411
9412
9413
9414
9420
9440
9442
9446
9447
9448
9449
9450
9451
9452
9453
9454
9455
9456
9457
9462
9463
9464
9469
9470
9471
9472
9473
9474
9475
9476
9477
9478
9481
9495
9496
9497
9498
9499
9500
9501
9503
9504
9505
9506
9507
952
9532
9533
9535
9538
9539
9540
9541
9543
9544
9545
9549
9551
9566
9567
9568
9569
9570
9571
9572
9573
9574
9576
9577
9578
9579
9580
9581
9583
9585
9588
9590
9603
9604
9606
9610
9611
9621
9622
9623
9627
9628
9629
9630
9631
9632
9639
9640
9641
9642
9643
9646
9647
9649
9653
9655
9656
9658
9659
9660
9663
9664
9665
9666
9668
9669
9670
9671
9672
9681
9686
9687
9688
9689
9690
9691
9694
9696
9704
9709
9716
972
9722
9728
9729
9730
9733
9738
9739
9743
9746
9747
9751
9753
9754
9755
9756
9757
9758
9762
9764
9768
9769
9771
9775
9776
9781
9782
9783
9784
9785
9789
9793
9800
9801
9804
9805
9806
9807
9818
9840
9856
9881
9894
9896
9897
9898
9899
9905
9907
9910
9917
9921
9931
9934
9935
994
9952
9961
9962
9973
9980
9982
9983
9986
9987
9998
